g <- 2
h <- 3